004 3594 0.5629586900367991
004 7526 0.5226604175014409
004 7984 0.461556818930397
004 7345 0.36057398816969727
004 7988 0.3340995988449174
004 145 0.32899466881169964
004 396 0.31683959648337573
004 4411 0.3108590814433725
004 6137 0.302058764704586
004 10804 0.30033363141725594
004 7653 0.291072906109531
004 4198 0.2874982782481467
004 5575 0.2873775235222343
004 4704 0.2820996480112576
004 7156 0.2779558205112381
004 4056 0.277858183681371
004 9251 0.2773948716057999
004 1135 0.26228134501958617
004 5436 0.25344173972164924
004 1333 0.24863720730849717
004 10427 0.2456006468949681
004 2041 0.2421493525225841
004 9413 0.23399671934823232
004 2686 0.2334320127869117
004 11396 0.23331794621256421
004 4055 0.23313602522782603
004 8204 0.22660864733834843
004 6946 0.22404445791694624
004 8001 0.2239805502193655
004 9795 0.21484919796353122
004 4819 0.2134714070432989
004 4595 0.2132651550006012
004 1594 0.21072352504370964
004 1866 0.20923040059657264
004 5825 0.20901660427802957
004 7696 0.20833147852942982
004 1924 0.20758331510609082
004 9787 0.20699189143873845
004 2321 0.20473415688964647
004 4703 0.20252467796109924
004 9948 0.2018136220107024
004 3382 0.20170266929049754
004 4182 0.1938799405774343
004 10156 0.19334565834716108
004 7786 0.19316117268946587
004 6232 0.19313214071613602
004 5138 0.19147018013581388
004 7480 0.1909953567186393
004 1312 0.1887819634772811
004 3451 0.18766068537283317
004 7761 0.1875955266982175
004 7717 0.1872913040976464
004 2500 0.1864221938631568
004 8199 0.1850840147145528
004 5440 0.18345939327205682
004 10763 0.18291367168251885
004 3479 0.17844712093726514
004 7574 0.17844078076541467
004 7694 0.1781572283003861
004 4429 0.17806926102780646
004 5751 0.17535085325784935
004 3445 0.17355941041478434
004 9707 0.17328020504187308
004 5837 0.17323288528712238
004 8245 0.172898466173562
004 1710 0.17282366376409547
004 8105 0.1708376588205815
004 4319 0.17002300793203304
004 1048 0.16975847929590324
004 1938 0.16795791099714863
004 8298 0.16776573319063623
004 2174 0.16755898617241308
004 5457 0.16598380765433277
004 10010 0.16529357241615578
004 6073 0.16471733107817293
004 7540 0.16401873062498631
004 4068 0.16344999141315103
004 9868 0.1633089207336336
004 8201 0.1631154305303722
004 9160 0.16293500971953945
004 9167 0.1619270874279305
004 281 0.16180728027658833
004 1157 0.1614251349013168
004 6718 0.16137191346049226
004 6149 0.1601212276500681
004 6781 0.1592531025510998
004 6786 0.15825860535634212
004 11183 0.15824584959535026
004 4412 0.15773064188012836
004 9347 0.15704662782493112
004 9793 0.15689560115564144
004 5449 0.15666397217413888
004 3056 0.15599738998293028
004 3590 0.15599503180528682
004 4184 0.15577108460984682
004 9536 0.15493466525476016
004 10483 0.15123556793253315
004 7077 0.15010650332935072
004 301 0.14848327019993357
004 2179 0.148267616725441
004 8787 0.1480637854796374
004 1955 0.14802238964289224
004 8814 0.14790021874413678
004 5984 0.14774892244150592
004 9685 0.1475029335658651
004 9849 0.147184710716494
004 7274 0.1469268260733509
004 8803 0.14624047256720013
004 3707 0.14598552916335472
004 3759 0.14598074206126918
004 1939 0.14455981131157816
004 6057 0.14439250962669964
004 5032 0.1443853864358931
004 9009 0.1438292371237088
004 3306 0.14365746179349534
004 8216 0.14340743451051027
004 9014 0.14322775931718937
004 9945 0.14295941320158195
004 3814 0.1429018943236838
004 3618 0.14241447472046917
004 5451 0.14237947061606537
004 2810 0.14185151646803376
004 3612 0.14126568800558287
004 652 0.14124840252105098
004 2938 0.14071743247695043
004 5301 0.1402491709254596
004 7172 0.14012577872570958
004 6447 0.14003308828621663
004 1553 0.13989173071686364
004 9665 0.13959914544258617
004 10820 0.1395783115778094
004 5736 0.1393852398179402
004 1136 0.1390093521235662
004 6747 0.1387485490817717
004 5541 0.1384915533097778
004 4273 0.13834138933042914
004 7046 0.13813537448776114
004 5314 0.13803814127142006
004 5942 0.13761264216908323
004 8206 0.13756551250141877
004 8242 0.1374073007900584
004 7075 0.13667454012180652
004 4062 0.13565955147020575
004 1684 0.1354527868009143
004 4533 0.13540127364752702
004 6331 0.134625899156824
004 1147 0.1344302831392081
004 7232 0.13402125403605744
004 2051 0.1333876261532525
004 7541 0.1333503235293478
004 4195 0.13323671181318034
004 3257 0.13322494575114474
004 8142 0.13321519634892295
004 2191 0.1317836588265549
004 6407 0.13161964200662413
004 2512 0.13130986180276222
004 5972 0.13121573084013413
004 1483 0.13092132071069035
004 9692 0.1307887151790044
004 4825 0.13008087516564287
004 2260 0.12924999692375755
004 2090 0.12916282825712846
004 1555 0.12856238684733576
004 9794 0.12827342296015248
004 3856 0.12779257385516676
004 5246 0.12755657177513863
004 4105 0.1274739647586289
004 10163 0.12745375802297562
004 8197 0.12715383380665837
004 7620 0.12686836283932137
004 5968 0.12681787629501665
004 2740 0.12662752864340127
004 4345 0.125560798915174
004 5031 0.12551055013940987
004 7187 0.12544858431268505
004 4613 0.12507322172874744
004 7179 0.12504295161660633
004 10086 0.12503969177870472
004 2078 0.12483029779142191
004 6969 0.12453865401595063
004 8639 0.12428278892100424
004 10456 0.12418236847009777
004 4183 0.12409364268564473
004 6669 0.12402784308179288
004 7056 0.12401106489763186
004 2930 0.12400294851525327
004 638 0.12388232996875036
004 2809 0.1236318145928234
004 9523 0.12358108535660094
004 7985 0.12354350919590507
004 2451 0.12330166615042382
004 0 0.12287770253609606
004 7177 0.12240874993445444
004 8696 0.1223993136736014
004 3375 0.12231064341806444
004 6421 0.12206989869671318
004 4054 0.1214578116523042
004 5331 0.12141634635745524
004 1327 0.12139244844947235
004 8188 0.12121922212431903